7:7  - 23, 0, 1, 3, 2, 4, 5, 18, 6, 7, 29, 27, 8, 13, 30, 28, 9, 14, 10, 17, 11, 12, 15, 16, 19, 20, 21, 22, 24, 25, 26

7:8  - 21, 0, 1, 3, 2, 4, 5, 6,     7, 27, 25, 8, 14, 13, 28, 26, 9,     10, 11, 12, 15, 16, 17, 18, 19, 20, 22, 23, 24
7:9  - 21, 0, 1, 3, 2, 4, 5, 6,     7, 27, 25, 8, 14, 13, 28, 26, 9,     10, 11, 12, 15, 16, 17, 18, 19, 20, 22, 23, 24

7:10 - 21, 0, 1, 3, 2, 4, 5, 6, 29, 7, 27, 25, 8, 14, 13, 28, 26, 9, 30, 10, 11, 12, 15, 16, 17, 18, 19, 20, 22, 23, 24
7:11 - 21, 0, 1, 2, 3, 4, 5, 6, 29, 7, 27, 25, 8, 14, 13, 28, 26, 9, 30, 10, 15, 11, 12, 16, 17, 18, 19, 20, 22, 23, 24

8:10 -  0, 2, 1, 3, 4, 5, 29, 6, 27, 25, 7, 13, 12, 28, 26, 8, 30, 9, 14, 10, 11, 15, 21, 16, 17, 18, 19, 20, 22, 23, 24

7:12 - 19, 0, 1, 2, 3, 4, 5, 29, 6, 27, 7, 25, 23, 8, 14, 13, 15, 26, 30, 28, 24, 9, 10, 16, 11, 12, 17, 18, 20, 21, 22